date,open,high,low,close,volume,Symbol
2013-02-08,15.07,15.12,14.63,14.75,8407500,AAL
2013-02-08,81.22,81.93,80.94,81.89,296853,SLG
2013-02-08,78.24,79.07,78.125,79.07,4632684,SLB
2013-02-08,236.64,238.6924,235.75,238.16,552207,BLK
2013-02-08,89.04,89.48,88.91,89.16,554948,SJM
2013-02-11,47.24,47.535,47.2,47.47,304824,SCG
2013-02-11,44.32,44.45,44.0,44.05,784904,TAP
2013-02-11,62.31,62.56,62.17,62.36,899748,HCN
2013-02-11,37.0534,37.2334,36.88,37.2134,538163,TMK
2013-02-11,15.24,15.8,15.21,15.71,3858936,BBY
2013-02-19,12.83,12.95,12.83,12.9,13870108,GLW
2013-02-19,150.86,152.75,150.86,152.72,694123,PSA
2013-02-19,25.1,25.62,25.06,25.5,2713356,GPN
2013-02-19,176.29,177.62,175.56,177.04,633572,RL
2013-02-19,36.28,36.51,35.63,36.41,5254918,HCA
2013-02-25,12.53,12.57,12.1,12.13,38611381,F
2013-02-25,40.13,40.5902,39.755,39.795,1557968,FISV
2013-02-25,23.83,23.85,22.02,22.03,30071922,MS
2013-02-25,87.51,88.76,85.43,85.55,3419047,DE
2013-02-25,95.38,96.78,95.26,96.14,9028181,MCD
2013-03-04,10.58,10.815,10.57,10.79,2398389,ETFC
2013-03-04,61.32,61.89,61.1,61.835,1763774,ADP
2013-03-04,173.23,174.81,172.76,174.4,669997,RL
2013-03-04,64.71,65.65,64.645,65.43,1888796,HCN
2013-03-04,76.25,76.68,75.97,76.68,7632002,PG
2013-03-11,157.7,158.63,157.21,157.82,242283,ADS
2013-03-11,90.9,91.55,90.82,91.21,3249363,PM
2013-03-11,65.15,65.36,64.26,65.14,3146799,EQT
2013-03-11,82.24,83.32799999999999,81.94,82.88,2985723,OXY
2013-03-11,45.495,45.95,45.18,45.94,7297981,GILD
2013-03-18,70.4,70.87,70.15,70.6,372044,MKC
2013-03-18,78.72,79.19,78.7,78.81,8005457,JNJ
2013-03-18,12.29,12.6,12.14,12.56,4583765,LUV
2013-03-18,10.2625,10.388,10.235,10.2775,2699468,HBI
2013-03-18,36.63,37.035,36.59,36.8,2139159,MMC
2013-03-25,13.15,13.34,12.98,13.14,8112970,MGM
2013-03-25,62.5,62.64,61.87,62.43,418932,SIG
2013-03-25,28.765,28.915,28.075,28.345,10580234,SBUX
2013-03-25,71.21,71.64,71.02,71.26,1185238,VTR
2013-03-25,27.65,27.65,27.36,27.59,2438797,UNM
2013-04-01,23.74,23.845,23.54,23.65,829054,BLL
2013-04-01,17.77,17.89,17.32,17.38,9809228,SCHW
2013-04-01,99.32,99.35,98.27,98.95,446484,SJM
2013-04-01,34.94,35.09,34.86,34.93,1023363,AEE
2013-04-01,66.29,67.7,65.8167,67.44,2971516,ANTM
2013-04-08,31.19,31.75,31.048000000000002,31.68,714515,ALGN
2013-04-08,24.0,24.2,23.99,24.17,919368,TSS
2013-04-08,15.99,16.26,15.89,16.22,10211696,FITB
2013-04-08,327.01,337.92,326.8,337.5,730124,CMG
2013-04-08,44.855,45.275,44.7,45.195,368980,IDXX
2013-04-15,25.68,25.81,25.315,25.325,1055088,LNT
2013-04-15,87.06,87.51,85.55,85.61,901220,VNO
2013-04-15,13.58,13.6,12.88,12.97,7942306,IPG
2013-04-15,30.41,30.52,29.94,30.07,144251,NCLH
2013-04-15,35.0,35.285,33.925,33.93,1455507,PKI
2013-04-22,60.75,60.97,60.13,60.78,2526860,ITW
2013-04-22,22.415,22.655,22.185,22.635,1390080,GPN
2013-04-22,51.81,52.06,51.6,52.0,939762,SPGI
2013-04-22,35.79,35.96,35.25,35.79,7853405,MET
2013-04-22,19.32,19.34,18.86,19.21,3001176,MAS
2013-04-29,106.77,107.84,106.29,107.64,566607,KSU
2013-04-29,105.07,106.68,104.78,106.5,1741634,MON
2013-04-29,41.26,41.515,41.09,41.35,518529,AWK
2013-04-29,57.55,61.26,57.52,59.69,6036730,MCO
2013-04-29,51.78,53.25,51.73,53.11,3191689,KLAC
2013-05-06,36.48,36.49,36.01,36.08,8160009,MO
2013-05-06,45.19,45.32,44.88,45.11,364302,CTAS
2013-05-06,82.54,83.95,82.54,83.54,454290,LLL
2013-05-06,123.32,123.78,122.71,123.25,4668625,CVX
2013-05-06,110.34,110.62,108.36,109.23,820963,KSU
2013-05-13,14.14,14.15,13.95,13.99,2025066,CDNS
2013-05-13,57.99,58.89,57.85,58.55,6056305,CVS
2013-05-13,88.14,88.38,87.8,88.04,1858653,UPS
2013-05-13,14.15,14.165,13.94,13.95,6762916,LUV
2013-05-13,21.14,21.28,21.05,21.27,35335893,CSCO
2013-05-20,63.31,63.78,63.28,63.36,1417818,OMC
2013-05-20,45.72,46.44,45.68,46.09,1661618,TEL
2013-05-20,41.19,42.6975,40.73,42.09,9166770,VLO
2013-05-20,22.7,22.829,22.135,22.23,4111838,MAS
2013-05-20,39.13,39.2,38.46,38.7,3045900,DISH
2013-05-28,29.3,29.5,28.94,29.01,37850486,PFE
2013-05-28,45.73,45.81,44.05,45.43,719405,IQV
2013-05-28,31.23,31.92,31.11,31.28,10189758,MDLZ
2013-05-28,14.8,15.08,14.735,14.92,6793110,GT
2013-05-28,20.91,21.14,20.835,20.84,1623166,HRL
2013-06-03,114.28,114.28,111.83,112.74,1679771,MCK
2013-06-03,23.24,23.43,22.71,23.21,3234874,CBG
2013-06-03,16.85,16.94,16.55,16.92,8343182,KR
2013-06-03,188.5,189.07,184.55,187.3,640462,SHW
2013-06-03,33.75,33.8,32.98,33.46,4006552,IVZ
2013-06-10,41.26,41.38,40.91,41.12,642788,WEC
2013-06-10,52.0,52.12,51.21,51.93,22339713,C
2013-06-10,29.62,29.68,29.13,29.25,1093623,LUK
2013-06-10,50.99,51.22,50.44,50.68,1794900,LB
2013-06-10,70.69,71.07,70.17,70.55,839838,EMN
2013-06-17,36.8,36.96,36.4,36.64,1271863,XRX
2013-06-17,66.6,67.17,66.08,66.665,2379340,EOG
2013-06-17,14.8,15.145,14.8,14.94,7795954,MGM
2013-06-17,76.72,77.22,75.22,75.61,946807,SBAC
2013-06-17,45.2,45.81,45.0,45.17,1479762,VRSN
2013-06-24,56.14,56.605,55.49,55.8,1543159,PNR
2013-06-24,249.44,253.23,247.4,250.94,289516,GWW
2013-06-24,37.13,37.84,35.98,36.6,4816439,HCA
2013-06-24,42.44,42.75,42.07,42.31,2871453,A
2013-06-24,86.61,88.03,86.05,86.85,6825166,PM
2013-07-01,111.55,111.81,110.319,110.43,1112669,COST
2013-07-01,32.65,32.965,32.575,32.7,2755886,ROST
2013-07-01,41.4,41.93,41.07,41.61,4589412,ABBV
2013-07-01,118.35,120.01,118.0,119.08,5053222,CVX
2013-07-01,93.31,95.23,93.31,94.74,3890999,UTX
2013-07-08,78.55,78.78,78.01,78.44,1173891,DOV
2013-07-08,44.64,45.02,44.55,44.93,642977,AVY
2013-07-08,83.1,84.01,82.94,83.72,616938,AAP
2013-07-08,100.32,100.46,99.45,100.15,568117,LH
2013-07-08,57.98,58.64,57.98,58.58,2492029,CL
2013-07-15,16.68,16.79,16.585,16.7,2550808,GT
2013-07-15,25.7,25.87,25.64,25.72,1327319,TSS
2013-07-15,72.32,72.71,71.78,72.24,1378844,XEC
2013-07-15,216.06,217.19,215.66,216.29,48631,MTD
2013-07-15,75.81,76.29,75.35,76.25,2247474,ACN
2013-07-22,48.52,48.52,47.92,48.28,1782812,ADBE
2013-07-22,52.16,52.405,51.815,51.975,658390,HSIC
2013-07-22,41.76,41.89,41.7,41.89,1049309,MMC
2013-07-22,76.89,76.945,75.77,76.6,1372539,CCI
2013-07-22,27.04,27.148000000000003,26.95,27.05,1439653,TSN
2013-07-29,59.755,60.19,59.505,59.685,794706,TSCO
2013-07-29,165.44,165.79,162.77,163.05,871944,SPG
2013-07-29,82.05,82.57,81.46,81.54,472171,GPC
2013-07-29,23.72,24.08,23.55,23.6,2381702,SWKS
2013-07-29,27.39,27.6,26.56,26.59,1954790,PWR
2013-08-05,54.76,55.46,54.67,55.36,5395349,MDT
2013-08-05,12.57,12.82,12.53,12.78,4252398,AES
2013-08-05,46.45,46.53,46.052,46.28,1958626,GPS
2013-08-05,17.83,17.93,17.6,17.73,6764140,ATVI
2013-08-05,110.06,110.82,108.46,108.89,818310,KSU
2013-08-12,39.02,39.12,38.56,38.77,1302978,HCA
2013-08-12,27.22,27.38,26.64,27.25,1586043,INCY
2013-08-12,81.55,82.54,81.47,82.32,1788762,TRV
2013-08-12,90.43,90.43,89.69,89.89,10133654,XOM
2013-08-12,43.76,43.775,43.425,43.56,3216872,SO
2013-08-19,30.35,30.465,30.09,30.1,1439598,XL
2013-08-19,44.71,45.25,44.53,45.2,1090413,DPS
2013-08-19,26.5,26.56,25.64,25.69,1213978,LUK
2013-08-19,60.56,60.82,59.95,60.0,793757,SPGI
2013-08-19,72.66,72.73,71.73,71.74,848206,TROW
2013-08-26,49.48,49.53,49.06,49.26,319059,REG
2013-08-26,290.43,291.0499,285.6207,286.21,1717000,AMZN
2013-08-26,66.59,66.94,66.207,66.31,3220866,COP
2013-08-26,99.17,99.52,98.8,99.1,665721,BDX
2013-08-26,87.48,87.8,87.07,87.09,536960,DOV
2013-09-03,36.07,36.705,35.27,35.52,1628576,SNPS
2013-09-03,14.06,14.17,13.835,13.92,12256936,GLW
2013-09-03,46.97,47.38,46.55,46.66,1808665,ADI
2013-09-03,78.73,79.29,76.89,77.34,1581480,DISCA
2013-09-03,60.06,60.8,60.06,60.53,2747873,IR
2013-09-09,49.24,50.485,49.235,50.26,7856278,HAL
2013-09-09,62.12,63.81,62.12,63.42,1038900,TSCO
2013-09-09,57.6,58.08,57.5,58.02,2364361,D
2013-09-09,28.235,28.36,28.1,28.3,21989034,PFE
2013-09-09,15.445,15.535,15.2225,15.4925,2127328,HBI
2013-09-16,31.01,31.13,30.73,30.84,825320,LEG
2013-09-16,77.39,77.49,76.79,77.27,801623,SBAC
2013-09-16,50.68,50.7,50.15,50.28,775218,FAST
2013-09-16,89.92,90.41,89.52,89.59,3491229,UPS
2013-09-16,113.73,115.89,113.26,115.67,7729042,BA
2013-09-23,78.18,78.5599,76.59,78.24,2457997,CI
2013-09-23,85.79,87.07,85.69,86.03,726030,VNO
2013-09-23,28.31,28.42,27.815,28.41,2231491,IRM
2013-09-23,57.03,57.03,55.7005,56.54,1214580,URI
2013-09-23,67.91,68.194,67.44,67.62,384067,HII
2013-09-30,93.27,93.69,92.5,92.99,2599668,APC
2013-09-30,15.5375,15.6575,15.39,15.5775,2395248,HBI
2013-09-30,85.43,85.59,84.75,85.14,2061314,APA
2013-09-30,24.53,24.79,24.41,24.75,5489925,SYMC
2013-09-30,46.66,46.96,46.61,46.74,804943,L
2013-10-07,146.17,146.78,144.07,144.16,1371002,AGN
2013-10-07,81.94,82.86,81.94,82.46,1833065,DE
2013-10-07,104.82,106.19,104.65,104.67,2069169,MON
2013-10-07,16.15,16.36,16.11,16.27,1107800,NWS
2013-10-07,47.91,48.24,47.66,47.99,3374188,GIS
2013-10-14,20.34,20.7,20.2501,20.59,9076476,MGM
2013-10-14,63.46,64.02,63.0,63.62,1033489,VTR
2013-10-14,107.91,108.02,105.74,107.01,962773,ALXN
2013-10-14,50.8,51.47,50.505,51.45,1448577,BEN
2013-10-14,30.65,31.36,30.45,31.28,1613382,UNM
2013-10-21,54.68,54.81,53.51,53.85,58235283,FB
2013-10-21,50.2625,50.42,49.815,50.01,11526052,V
2013-10-21,78.68,78.7,77.14,78.09,992466,GPC
2013-10-21,65.46,65.74,64.77,65.71,615315,MAA
2013-10-21,38.66,38.95,38.603,38.895,1784286,EW
2013-10-28,21.59,21.63,21.34,21.6,4445235,KIM
2013-10-28,33.7,34.29,33.56,34.07,3088548,STI
2013-10-28,43.15,43.48,43.0,43.41,2630537,RCL
2013-10-28,97.77,98.03,97.48,97.87,907472,TMO
2013-10-28,67.47,67.78,66.78,67.12,457693,ALB
2013-11-04,63.81,64.67,63.76,64.46,2408190,DVN
2013-11-04,70.14,70.19,69.25,69.57,9294454,QCOM
2013-11-04,207.22,214.26,206.54,213.41,2367602,PXD
2013-11-04,40.66,40.89,40.38,40.88,1657360,PLD
2013-11-04,36.89,37.42,36.87,37.4,10305577,FCX
2013-11-11,64.23,64.7,64.065,64.35,476472,HOG
2013-11-11,47.22,47.25,46.71,46.83,1596230,FAST
2013-11-11,82.27,82.77,82.02,82.36,1334443,VIAB
2013-11-11,95.37,96.735,95.1313,96.15,980052,HUM
2013-11-11,87.24,88.34,87.01,87.94,1492097,ANTM
2013-11-18,42.42,42.45,42.17,42.33,6557177,SO
2013-11-18,3.53,3.54,3.47,3.47,13170893,AMD
2013-11-18,52.07,52.96,52.01,52.5,2135216,TEL
2013-11-18,58.2,58.37,55.21,55.51,15146044,CRM
2013-11-18,60.62,60.8,59.6,59.79,2724273,DVN
2013-11-25,49.1,49.11,48.42,48.49,1063416,DPS
2013-11-25,24.74,25.375,24.67,24.955,35670510,CMCSA
2013-11-25,180.25,180.75,177.82,178.94,7162374,IBM
2013-11-25,46.22,46.38,45.53,45.67,8638437,WM
2013-11-25,17.28,17.32,17.0,17.08,8277924,GLW
2013-12-02,26.59,27.37,26.43,27.18,3089203,SWKS
2013-12-02,56.16,56.24,55.27,55.75,1923696,HCN
2013-12-02,45.48,46.8,45.24,46.16,2986111,XRX
2013-12-02,88.48,88.99,88.0,88.14,2052506,HON
2013-12-02,99.57,99.99,99.1,99.58,318978,WAT
2013-12-09,80.58,81.11,80.43,80.9,874148,SWK
2013-12-09,101.98,102.23200000000001,101.72,101.95,655847,LLL
2013-12-09,15.47,15.52,15.18,15.205,9632780,NVDA
2013-12-09,58.17,58.2,57.6,57.87,3579314,MDT
2013-12-09,47.32,47.48,46.93,46.98,1312713,HCA
2013-12-16,73.26,74.02,73.21,73.43,1784284,EMN
2013-12-16,93.54,94.25,93.0,93.34,775317,CLX
2013-12-16,58.33,58.93,57.9,58.71,1791361,CTXS
2013-12-16,33.02,33.02,32.58,32.7,7588900,KMI
2013-12-16,203.07,205.08,202.01,203.86,234825,AMG
2013-12-23,102.3,102.485,101.48,101.72,471674,FRT
2013-12-23,29.38,29.885,29.2264,29.57,578701,FLIR
2013-12-23,38.545,38.72,38.345,38.555,9377292,NKE
2013-12-23,91.97,92.34,91.64,91.83,1696254,NSC
2013-12-23,15.21,15.24,14.8,15.06,1639120,COTY
2013-12-30,63.49,63.6,63.05,63.29,589870,DVA
2013-12-30,39.02,39.35,38.475,38.72,3145538,COG
2013-12-30,27.55,27.82,27.01,27.05,6551641,CHK
2013-12-30,31.895,32.335,31.875,32.24,657694,GPN
2013-12-30,115.36,115.52,114.39,115.49,1533955,AMGN
2014-01-06,40.11,40.5,39.14,39.36,4640020,UAL
2014-01-06,243.17,244.78,241.15,242.42,183567,MTD
2014-01-06,94.815,94.995,93.465,93.76,1564888,PPG
2014-01-06,49.79,50.0,49.33,49.43,976423,AVY
2014-01-06,41.29,41.3,40.76,40.95,866865,PDCO
2014-01-13,43.21,43.21,42.2,42.35,589154,PKI
2014-01-13,84.64,84.976,83.27,83.4,341695,ANSS
2014-01-13,31.85,31.92,31.45,31.57,5637215,PEG
2014-01-13,58.04,58.21,57.0525,57.155,980566,HSIC
2014-01-13,47.42,48.44,47.13,47.43,2321375,FAST
2014-01-21,62.69,62.9,61.755,62.07,1810576,IR
2014-01-21,25.9,26.49,25.85,26.45,9579752,CHK
2014-01-21,82.75,84.28,82.615,84.11,4349649,PNC
2014-01-21,403.0,407.8,401.6,407.05,3122705,AMZN
2014-01-21,51.57,51.58,50.42,50.75,2357190,NUE
2014-01-27,147.6,147.6,141.88,142.49,1925794,WHR
2014-01-27,88.17,88.39,87.36,87.45,1553417,CLX
2014-01-27,50.28,50.52,49.8,50.11,2848522,KSS
2014-01-27,58.38,58.85,57.51,58.18,5826855,CBS
2014-01-27,69.36,69.81,68.12,68.3,4251184,STT
2014-02-03,76.61,76.78,73.79,74.08,3181252,ADP
2014-02-03,99.67,100.55,96.93,97.23,668419,SNA
2014-02-03,57.33,57.45,55.355,55.57,10043202,WBA
2014-02-03,123.5,124.46,123.11,123.29,1407940,AVB
2014-02-03,74.48,75.21,72.98,73.18,2735443,CME
2014-02-10,64.96,64.96,64.13,64.58,5854828,COP
2014-02-10,29.35,29.55,29.23,29.4,7130167,EXC
2014-02-10,75.48,75.61,73.83,74.45,2007864,ADP
2014-02-10,136.58,138.82,135.73,136.59,1519864,WHR
2014-02-10,36.63,36.8,36.29,36.8,26782083,MSFT
2014-02-18,43.995,44.57,43.515,43.85,5360026,MPC
2014-02-18,54.49,55.66,54.49,55.32,930601,ALGN
2014-02-18,124.84,126.32,124.57,124.94,3082110,AMGN
2014-02-18,31.66,31.839000000000002,31.46,31.62,2431788,FE
2014-02-18,33.585,33.655,33.315,33.425,1294436,GPN
2014-02-24,33.165,33.83,33.165,33.72,1668110,CHD
2014-02-24,24.55,24.7,24.37,24.38,3178622,CNP
2014-02-24,78.31,79.5915,78.31,78.88,7751126,PEP
2014-02-24,48.97,49.17,48.64,48.79,818989,AVY
2014-02-24,135.09,136.98,134.5,134.87,2243584,FDX
2014-03-03,70.59,71.05,70.0,70.05,2508395,DUK
2014-03-03,95.79,96.87,95.48,96.05,3401207,OXY
2014-03-03,65.23,66.25,65.16,65.74,729633,ALB
2014-03-03,74.65,75.77,74.3709,74.86,2672187,PSX
2014-03-03,30.88,31.18,30.79,30.99,3534683,ZTS
2014-03-10,87.14,89.85,86.975,89.64,1388544,ULTA
2014-03-10,123.13,123.43,121.65,122.95,484006,MLM
2014-03-10,53.96,54.08,53.375,53.62,709997,AME
2014-03-10,52.99,53.92,52.74,53.47,8101805,VLO
2014-03-10,61.19,61.19,59.08,59.39,3222485,AKAM
2014-03-17,57.9,57.9,57.06,57.42,8419993,EBAY
2014-03-17,53.0,53.78,52.89,53.45,470818,ALGN
2014-03-17,84.41,85.0,83.92200000000001,84.57,1170970,EMN
2014-03-17,10.68,10.86,10.68,10.8,13999196,RF
2014-03-17,37.405,37.495,36.91,37.09,11019894,SBUX
2014-03-24,43.31,43.57,43.1001,43.32,11022611,USB
2014-03-24,82.25,82.82,80.56,80.82,1891001,CI
2014-03-24,81.07,81.36,79.98,80.14,1857648,ITW
2014-03-24,610.21,613.09,585.58,588.54,820338,CMG
2014-03-24,97.6,97.6,96.42,96.85,4811315,CAT
2014-03-31,74.93,75.56,74.51,75.39,3301637,YUM
2014-03-31,90.56,92.19,90.07,90.59,1645826,TRIP
2014-03-31,91.66,92.92,91.42,92.76,3330424,HON
2014-03-31,83.56,83.56,82.31,82.88,3021412,HES
2014-03-31,56.29,56.82,55.83,56.6,543879,CBOE
2014-04-07,34.07,34.43,33.625,33.63,3521514,FE
2014-04-07,68.31,68.37,66.41,66.52,2644336,STT
2014-04-07,109.78,111.2,109.53,110.11,2148883,KMB
2014-04-07,16.08,16.17,15.86,15.94,28112902,F
2014-04-07,134.57,134.76,132.6401,132.81,437070,ROP
2014-04-14,69.48,71.27,69.25,70.205,1910146,EXPE
2014-04-14,71.72,71.89,70.4,71.03,3497892,ETN
2014-04-14,49.09,49.48,48.78,49.16,552045,AVY
2014-04-14,20.19,20.34,20.04,20.23,6101606,HST
2014-04-14,105.79,109.45,105.3304,107.05,2178689,FFIV
2014-04-21,55.78,56.55,55.5,56.22,4847746,VLO
2014-04-21,132.16,133.07,131.685,132.89,1208222,PX
2014-04-21,100.29,101.24,99.39299999999999,100.43,556107,SIG
2014-04-21,299.06,302.46,296.03,302.0,454407,REGN
2014-04-21,80.79,81.16,80.55,81.0,1667627,PRU
2014-04-28,20.33,20.77,20.28,20.65,3295397,HOLX
2014-04-28,49.9,50.33,48.39,49.43,5293241,CERN
2014-04-28,47.91,47.96,46.2,46.82,2285022,LNC
2014-04-28,77.13,77.3,75.78,76.83,2373696,SYK
2014-04-28,40.13,40.74,40.04,40.59,2324935,EXPD
2014-05-05,66.58,67.1,66.25,66.69,950160,OMC
2014-05-05,39.46,39.5549,39.06,39.34,2581286,MAT
2014-05-05,53.0467,53.5,52.7467,53.36,633261,TMK
2014-05-05,40.86,41.01,40.44,40.59,4042401,ARNC
2014-05-05,105.7,106.44,105.09,106.03,861218,SLG
2014-05-12,25.555,25.605,25.2338,25.325,29710680,CMCSA
2014-05-12,56.13,57.16,55.93,56.37,1404100,GRMN
2014-05-12,57.44,57.635,56.97,57.2,1852084,DGX
2014-05-12,43.96,44.48,43.89,44.08,2356740,O
2014-05-12,100.61,101.35,99.86,100.88,1362603,ZBH
2014-05-19,66.36,66.92,66.14,66.51,375476,AIZ
2014-05-19,47.97,48.98,47.93,48.71,1440552,FAST
2014-05-19,20.05,20.41,19.88,20.12,16279247,AMAT
2014-05-19,61.37,62.2,61.06,62.15,2254224,PCAR
2014-05-19,84.91,85.145,84.6301,84.9,676606,GPC
2014-05-27,53.66,54.21,53.6,53.75,6185073,AIG
2014-05-27,39.56,39.595,39.32,39.46,7278522,DAL
2014-05-27,24.74,24.88,24.63,24.71,32369061,CSCO
2014-05-27,25.74,26.5,25.67,26.3,4448210,GT
2014-05-27,58.21,58.53,57.73,58.41,2569729,M
2014-06-02,37.39,37.655,37.06,37.53,1171276,XYL
2014-06-02,47.09,47.4101,46.89,47.01,4070791,LOW
2014-06-02,65.0,65.6,64.668,65.05,1184678,TSCO
2014-06-02,88.12,88.39,87.76,87.87,2876121,PEP
2014-06-02,62.89,63.36,62.18,63.31,964157,BWA
2014-06-09,29.49,29.72,28.885,29.0,20638954,MU
2014-06-09,31.11,31.29,30.89,31.03,1503030,TSS
2014-06-09,52.6,53.24,52.21,53.08,1424474,HAS
2014-06-09,57.45,58.57,57.37,58.13,2735038,AKAM
2014-06-09,35.05,35.46,35.05,35.36,3313840,FOX
2014-06-16,55.19,55.97,55.15,55.91,2129089,STX
2014-06-16,29.72,30.15,29.67,30.01,36407788,INTC
2014-06-16,55.0,56.63,54.99,55.99,3237569,HCA
2014-06-16,523.49,525.89,520.93,524.81,140229,AZO
2014-06-16,107.82,108.04,107.06,107.75,768643,ECL
2014-06-23,39.0,39.62,38.92,39.41,4942826,CCL
2014-06-23,68.28,68.4,67.7,68.19,6208736,TWX
2014-06-23,52.48,52.86,52.46,52.81,2258691,KSS
2014-06-23,79.36,79.59,78.86,79.22,921176,ADP
2014-06-23,35.57,35.57,35.26,35.39,14507634,T
2014-06-30,47.04,47.45,46.86,47.31,1941667,XLNX
2014-06-30,32.55,32.59,32.18,32.27,1176857,AIV
2014-06-30,34.06,34.3,33.9,34.28,621504,LEG
2014-06-30,127.11,127.13,126.38,126.56,2732800,BRK.B
2014-06-30,37.99,38.02,37.725,37.97,2902727,RSG
2014-07-07,61.03,61.4,60.78,61.4,582587,VRSK
2014-07-07,50.93,50.98,50.6089,50.74,7219256,EBAY
2014-07-07,45.26,46.7201,45.26,46.5,4669953,ADM
2014-07-07,19.4,19.41,19.25,19.3,4811436,IPG
2014-07-07,101.02,101.58,100.59,101.46,1259748,SRE
2014-07-14,47.7,47.7,47.14,47.22,4358850,LOW
2014-07-14,66.03,66.52,66.01,66.08,1079637,MSI
2014-07-14,56.47,56.74,55.92,56.14,9225083,MET
2014-07-14,56.53,56.84,56.2,56.29,14011991,JPM
2014-07-14,86.4,86.695,86.03,86.19,1549122,ITW
2014-07-21,76.68,76.68,75.8,75.92,1036228,DTE
2014-07-21,58.16,58.36,57.65,58.07,3973423,WMB
2014-07-21,92.17,92.3299,91.78,91.86,1031194,AMT
2014-07-21,26.33,26.33,25.72,25.98,59342962,GE
2014-07-21,130.31,131.0,128.48,128.55,411256,AAP
2014-07-28,75.01,75.51,73.56,74.16,2102892,ETR
2014-07-28,90.75,91.25,90.29,90.66,1395548,SWK
2014-07-28,57.59,57.75,57.065,57.61,903236,LB
2014-07-28,62.72,62.91,62.23,62.79,2337026,DFS
2014-07-28,23.92,23.925,23.65,23.68,1180040,HRL
2014-08-04,93.94,94.14,91.79,94.05,3732778,NEE
2014-08-04,118.82,120.24,118.08,119.82,542559,BXP
2014-08-04,41.97,42.39,41.66,42.27,1163425,NDAQ
2014-08-04,159.35,160.5697,157.22,158.87,1026595,ALXN
2014-08-04,44.19,44.575,43.83,44.52,1599682,FAST
2014-08-11,67.82,68.09,67.3,67.55,2103567,D
2014-08-11,24.32,24.335,24.005,24.065,651286,AOS
2014-08-11,62.75,63.15,62.66,62.9,1637167,DISH
2014-08-11,65.0,65.535,64.91,65.16,1118637,EQR
2014-08-11,37.37,37.6999,37.32,37.44,1480884,NI
2014-08-18,74.83,75.1,74.615,75.03,5180183,QCOM
2014-08-18,49.86,50.01,49.71,49.79,2269848,ADM
2014-08-18,81.99,82.85,81.81,82.44,8450531,PG
2014-08-18,24.16,24.43,24.09,24.38,4056798,SYMC
2014-08-18,21.37,21.695,21.37,21.64,1974227,ETFC
2014-08-25,42.41,42.7,42.27,42.49,2423959,ABT
2014-08-25,118.0,118.36,117.04,118.02,756459,PVH
2014-08-25,347.94,349.5,342.22,347.91,449724,REGN
2014-08-25,19.16,19.29,19.07,19.11,3834454,NVDA
2014-08-25,45.3,45.56,45.125,45.295,3758506,MPC
2014-09-02,55.44,55.8,55.08,55.36,1137660,XRX
2014-09-02,154.35,154.49,153.14,154.15,510861,AVB
2014-09-02,103.3,103.7097,103.02,103.36,4644820,JNJ
2014-09-02,24.04,24.04,23.24,23.83,17972065,MGM
2014-09-02,339.98,342.5,337.1587,342.38,2328881,AMZN
2014-09-08,137.47,138.269,136.02,136.8,401707,AAP
2014-09-08,50.12,50.48,49.81,50.15,1693103,CMA
2014-09-08,147.72,148.535,146.575,147.28,777870,MHK
2014-09-08,85.05,85.82,85.05,85.72,368133,VAR
2014-09-08,17.99,18.09,17.85,17.95,2502335,CDNS
2014-09-15,74.14,74.16,73.73,73.93,421826,DVA
2014-09-15,54.73,54.73,53.915,54.17,1634458,LNC
2014-09-15,74.74,74.74,74.08,74.55,1614278,BAX
2014-09-15,127.83,129.06,126.82,128.95,2428076,APD
2014-09-15,47.68,48.05,47.48,47.91,409286,CINF
2014-09-22,42.45,42.45,41.285,41.39,1244152,EXPD
2014-09-22,80.07,80.08,79.17,79.19,1306895,TROW
2014-09-22,74.2,74.38,73.59,73.63,431770,JBHT
2014-09-22,116.89,117.36,116.35,116.5,251666,SRCL
2014-09-22,42.61,42.61,41.65,41.84,1094354,FBHS
2014-09-29,82.06,82.91,81.91,82.81,1689400,ADP
2014-09-29,122.45,124.01,122.19,123.58,660150,AMP
2014-09-29,26.31,26.655,26.21,26.585,1244426,LKQ
2014-09-29,82.17,82.75,81.76,82.38,679889,EMN
2014-09-29,48.07,48.33,47.95,48.29,523816,AWK
2014-10-06,38.31,38.68,38.29,38.57,1590551,RSG
2014-10-06,33.19,33.29,31.8399,32.57,43417108,MU
2014-10-06,127.09,127.1899,125.38,126.26,2680998,BA
2014-10-06,37.16,37.4625,36.78,36.85,2572244,DISCA
2014-10-06,95.25,95.73,94.29,94.53,426374,IFF
2014-10-13,137.05,137.81,133.52,133.56,6876224,AMGN
2014-10-13,50.81,51.44,50.25,50.3,3315843,BEN
2014-10-13,49.78,50.12,48.83,48.91,10407848,CBS
2014-10-13,107.22,112.36,106.82,109.105,2041917,FFIV
2014-10-13,56.61,57.25,55.88,56.49,1946114,HOG
2014-10-20,36.44,36.5,36.13,36.36,4123449,BK
2014-10-20,302.95,306.53,302.02,306.21,3239490,AMZN
2014-10-20,79.23,80.29,78.94,80.28,1264231,SPGI
2014-10-20,95.33,96.34,94.88,96.31,334917,IFF
2014-10-20,16.2,16.33,16.16,16.26,76510730,BAC
2014-10-27,30.15,30.49,29.82,30.08,12790154,GM
2014-10-27,32.11,32.7,32.05,32.11,3032812,CMS
2014-10-27,19.08,19.16,18.99,19.15,3618477,FITB
2014-10-27,40.7,40.905,40.56,40.76,17222528,KO
2014-10-27,537.2,541.63,535.05,539.57,251882,AZO
2014-11-03,52.32,52.95,52.29,52.7,6992024,EBAY
2014-11-03,96.81,96.83,95.975,96.09,7615378,HD
2014-11-03,70.56,71.36,70.36,71.28,735208,MAC
2014-11-03,26.935,27.195,26.895,27.05,1307292,HRL
2014-11-03,29.9,30.2,29.86,30.19,21736423,PFE
2014-11-10,156.26,156.28,145.68,146.62,3636325,CHTR
2014-11-10,109.07,109.37,106.66,107.02,21412922,GILD
2014-11-10,72.72,73.06,72.42,73.03,351308,MKC
2014-11-10,23.36,23.54,23.07,23.18,2883951,MAS
2014-11-10,61.62,62.025,61.5,61.77,2192519,STX
2014-11-17,55.43,56.14,55.31,55.81,995198,GRMN
2014-11-17,86.01,86.77,85.74,86.39,283256,IT
2014-11-17,10.06,10.1,9.94,10.09,9471511,HBAN
2014-11-17,32.4,32.56,32.25,32.41,1110029,HRB
2014-11-17,32.17,32.355,32.03,32.17,724861,FLIR
2014-11-24,34.5,34.91,34.47,34.83,2835831,WY
2014-11-24,37.16,37.22,36.28,36.32,2351324,FE
2014-11-24,160.54,164.38,159.17,164.28,685273,CHTR
2014-11-24,145.74,146.17,144.12,145.58,585928,AAP
2014-11-24,37.5,37.5,37.1251,37.255,1036972,CHD
2014-12-01,145.0,145.2,143.7,143.76,1823468,GD
2014-12-01,71.6,72.11,71.0,71.72,492711,HRS
2014-12-01,177.03,177.12,174.05,174.5,1498720,WYNN
2014-12-01,86.72,87.07,85.7499,86.22,9140937,WMT
2014-12-01,113.71,114.8399,112.5,113.43,4438093,CELG
2014-12-08,83.3,84.275,83.05,83.28,377726,ANSS
2014-12-08,23.05,23.1633,22.85,23.02,1441477,LUK
2014-12-08,15.81,15.82,15.46,15.5,4258094,NWSA
2014-12-08,47.06,47.18,46.73,46.9,3244526,XLNX
2014-12-08,74.11,74.11,73.105,73.92,859770,IDXX
2014-12-15,56.27,58.0,55.81,57.65,1965916,ALK
2014-12-15,27.84,27.875,27.415,27.47,25869684,CMCSA
2014-12-15,68.88,69.22,68.05,68.97,1453485,FISV
2014-12-15,153.22,155.25,151.71,154.2,959763,PRGO
2014-12-15,34.55,34.8,33.91,34.27,3695646,UAA
2014-12-22,73.5,74.6,73.14,74.55,1940964,EQR
2014-12-22,22.7,22.76,22.34,22.66,2507014,LUK
2014-12-22,18.01,18.11,17.96,18.05,2343870,WU
2014-12-22,52.37,53.26,52.25,53.14,1180632,AME
2014-12-22,19.99,20.2,19.97,20.15,7530058,FITB
2014-12-29,56.34,56.79,56.23,56.49,5126506,AIG
2014-12-29,89.09,90.13,88.97,89.78,272022,ARE
2014-12-29,47.8,48.24,47.79,48.21,1253723,FAST
2014-12-29,106.69,107.59,106.507,106.95,832472,TRV
2014-12-29,20.53,20.7,20.43,20.56,2083128,NVDA
2015-01-05,89.31,91.17,89.15,90.87,359762,ARE
2015-01-05,20.14,20.18,19.78,19.85,5008383,ATVI
2015-01-05,30.39,30.59,30.11,30.46,3255740,MAT
2015-01-05,33.23,33.335,32.765,32.845,1835056,LNT
2015-01-05,68.445,68.735,67.77,67.805,750742,HSIC
2015-01-12,94.66,95.23,93.4,93.44,967705,AON
2015-01-12,41.62,41.7,41.05,41.39,2924031,PEG
2015-01-12,9.75,9.79,9.49,9.54,17224174,RF
2015-01-12,61.37,61.59,59.94,60.75,1435126,AKAM
2015-01-12,44.85,45.69,44.85,45.55,2527283,CPB
2015-01-20,44.26,44.3,43.65,44.2,1529392,NI
2015-01-20,89.09,89.7799,87.52,89.33,5969472,EOG
2015-01-20,87.9,88.0,86.4,86.86,486663,VAR
2015-01-20,59.0,59.0,57.5701,57.8,1505028,ALB
2015-01-20,47.79,47.7999,47.06,47.54,1577905,PAYX
2015-01-26,66.72,67.12,66.0704,66.82,1950483,ETN
2015-01-26,43.54,44.04,43.24,44.02,754342,SNPS
2015-01-26,64.75,65.42,64.24,64.77,1397435,KMX
2015-01-26,108.02,112.44,107.92,110.47,2210024,KSU
2015-01-26,34.76,34.92,34.34,34.86,652283,TSS
2015-02-02,151.88,152.645,150.8501,152.4,1104243,PRGO
2015-02-02,45.05,45.94,44.4,45.88,1581918,FBHS
2015-02-02,111.66,116.625,111.66,116.02,1855054,CXO
2015-02-02,19.44,19.75,19.12,19.74,7570281,MGM
2015-02-02,112.48,114.12,111.06,113.98,1099356,ZBH
2015-02-09,149.91,149.97,148.72,149.13,2429700,BRK.B
2015-02-09,92.37,92.89,91.43,92.3,1902381,LB
2015-02-09,73.32,73.91,72.77,73.385,2465762,MAR
2015-02-09,51.96,52.77,50.57,50.84,2500665,RRC
2015-02-09,34.71,34.91,34.59,34.64,20110590,T
2015-02-17,104.79,106.79,104.5,106.79,401388,UHS
2015-02-17,551.16,553.0,543.26,545.01,1958679,GOOGL
2015-02-17,102.07,103.26,101.62,103.2,1131387,SPGI
2015-02-17,105.5,107.23,105.5,106.77,1302750,WDC
2015-02-17,39.0133,39.7166,38.8491,39.5683,1547349,MNST
2015-02-23,171.72,172.26,170.35,170.52,1197177,NOC
2015-02-23,68.24,68.33,67.5625,68.2525,6654672,V
2015-02-23,43.56,43.72,43.26,43.7,1222722,NI
2015-02-23,105.74,106.2199,105.29,105.99,1564292,NEE
2015-02-23,62.4,62.69,62.23,62.59,705360,DRI
2015-03-02,31.585,32.245,31.385,32.225,1070170,AOS
2015-03-02,89.29,91.25,89.13,91.21,1648430,TRIP
2015-03-02,37.64,38.4,37.595,37.94,967098,AIV
2015-03-02,85.02,85.41,84.84,85.41,7235172,PG
2015-03-02,560.53,572.15,558.75,571.34,2123796,GOOG
2015-03-09,52.56,53.24,52.28,53.04,1734633,XRX
2015-03-09,82.61,84.1,82.35,83.84,518642,CTAS
2015-03-09,41.79,41.97,40.02,41.1,26131092,ARNC
2015-03-09,136.88,137.56,136.38,137.54,432071,SRCL
2015-03-09,61.92,62.34,61.53,61.97,622465,HAS
2015-03-16,25.43,25.565,25.19,25.31,1631218,GT
2015-03-16,56.11,56.675,55.91,56.34,813528,ALGN
2015-03-16,41.16,41.83,41.11,41.81,2551437,A
2015-03-16,658.39,665.78,657.27,665.41,232582,AZO
2015-03-16,22.88,23.11,22.73,22.97,5923864,NVDA
2015-03-23,113.74,114.53,113.13,113.64,1921339,ABC
2015-03-23,88.02,88.02,87.29,87.305,1593071,ADP
2015-03-23,91.82,92.69,91.4,91.41,806300,WYN
2015-03-23,50.13,50.53,49.98,50.17,1793639,WEC
2015-03-23,49.2059,49.8333,48.5294,48.5686,3345976,LEN
2015-03-30,83.88,84.73,83.41,84.48,6537864,SLB
2015-03-30,76.87,77.89,76.37,77.31,1193493,ETR
2015-03-30,111.42,112.63,110.51,112.35,719772,VNO
2015-03-30,164.2,166.77,164.2,166.05,1684009,MMM
2015-03-30,68.28,68.72,67.74,68.56,2688937,HES
2015-04-06,72.24,73.69,71.71,73.4,1181837,CERN
2015-04-06,151.07,152.53,150.62,152.09,875125,APD
2015-04-06,70.25,71.77,70.12,71.15,883736,DISH
2015-04-06,44.65,46.79,44.57,46.71,2237062,GRMN
2015-04-06,100.66,102.1,100.59,101.5,1151205,HSY
2015-04-13,42.85,42.975,42.81,42.81,990014,CHD
2015-04-13,125.55,126.28,124.38,124.58,382552,LLL
2015-04-13,102.47,103.16,102.0,102.14,6436914,CVS
2015-04-13,78.95,78.98,78.35,78.5,378657,PKG
2015-04-13,33.51,33.51,33.135,33.17,2915444,FOX
2015-04-20,53.57,54.27,53.37,54.205,597900,ALGN
2015-04-20,135.09,137.61,134.83,136.95,710834,RL
2015-04-20,77.39,77.85,76.96,77.23,8432099,AXP
2015-04-20,63.22,63.52,63.14,63.24,12755309,JPM
2015-04-20,74.32,75.54,73.91,74.03,1743041,HP
2015-04-27,70.22,70.47,69.21,69.68,2106277,DISH
2015-04-27,118.46,118.86,117.63,117.7,1891960,MON
2015-04-27,87.41,87.6,86.755,87.01,10534606,XOM
2015-04-27,34.24,34.75,33.95,34.02,4333602,PPL
2015-04-27,43.44,43.48,42.25,42.29,5231609,LUV
2015-05-04,47.1,47.58,46.98,47.23,410006,SNPS
2015-05-04,49.26,49.91,48.97,49.36,1102163,ES
2015-05-04,107.02,108.83,106.87,107.81,1038265,SRE
2015-05-04,83.88,84.7,83.45,84.13,2410120,WBA
2015-05-04,63.63,63.9,63.15,63.25,1436721,ADI
2015-05-11,25.0,25.06,24.62,24.64,5686837,ATVI
2015-05-11,27.08,27.49,26.88,27.4,4143897,MAT
2015-05-11,84.25,84.67,82.97,83.01,2938277,TWX
2015-05-11,52.84,53.03,52.67,52.87,709376,AME
2015-05-11,50.63,51.16,50.39,50.805,951084,NDAQ
2015-05-18,48.06,48.55,47.98,48.35,1652218,AJG
2015-05-18,89.0,89.55,88.63,89.18,2517420,DE
2015-05-18,136.36,138.75,136.36,138.2,693002,SRCL
2015-05-18,38.2,38.28,37.77,37.81,1372592,AIV
2015-05-18,65.13,66.41,65.1,66.14,723683,AIZ
2015-05-26,40.15,40.17,39.73,39.94,7265265,MDLZ
2015-05-26,28.34,28.42,28.15,28.28,3179674,GGP
2015-05-26,20.11,20.24,19.88,19.99,15116990,AMAT
2015-05-26,37.98,37.98,37.54,37.62,863989,AIV
2015-05-26,43.94,44.78,43.73,44.15,6190398,NBL
2015-06-01,106.82,106.984,106.01,106.37,995445,CB
2015-06-01,131.2,131.39,130.05,130.535,32112797,AAPL
2015-06-01,112.36,115.47,111.604,115.14,1873638,SBAC
2015-06-01,52.92,52.93,52.36,52.57,429830,PKI
2015-06-01,62.6,62.99,62.1301,62.55,1833264,K
2015-06-08,121.38,121.98,121.1,121.79,2319310,PX
2015-06-08,40.21,40.32,40.01,40.18,1649855,NWL
2015-06-08,100.52,100.575,99.21,99.27,2819935,UPS
2015-06-08,39.49,39.89,39.2845,39.33,2783914,IVZ
2015-06-08,43.35,43.53,42.56,42.65,1731197,JEC
2015-06-15,58.61,59.06,58.45,58.82,1753369,MMC
2015-06-15,90.44,91.04,90.08,90.88,1214268,YUM
2015-06-15,65.93,66.16,65.3,66.05,2956688,VIAB
2015-06-15,183.35,186.34,182.91,183.3,1121432,PRGO
2015-06-15,117.91,118.84,117.4,118.2,1320976,PH
2015-06-22,79.49,80.64,79.43,80.21,454686,MKC
2015-06-22,110.72,112.23,109.54,110.92,2253908,SWKS
2015-06-22,113.11,114.67,113.02,114.34,2681078,MON
2015-06-22,43.92,44.21,43.45,44.11,10744583,HAL
2015-06-22,60.84,61.38,59.06,60.86,101131037,WMB
2015-06-29,23.55,23.69,23.22,23.26,4464681,SYMC
2015-06-29,41.77,42.19,40.51,40.65,1768985,JEC
2015-06-29,33.69,33.69,32.66,32.73,4667819,BBY
2015-06-29,1128.0,1136.0,1103.45,1107.73,707558,PCLN
2015-06-29,163.9698,165.0665,161.0932,161.2598,580110,ISRG
2015-07-06,32.47,33.16,32.39,33.03,9842550,LUV
2015-07-06,63.63,64.13,63.231,63.71,2139871,TEL
2015-07-06,54.9,55.16,54.61,54.89,4243898,CBS
2015-07-06,56.81,57.94,56.46,56.68,3255677,DVN
2015-07-06,19.38,19.72,19.255,19.27,11559006,AMAT
2015-07-13,90.71,91.28,90.07,91.09,4313518,ESRX
2015-07-13,51.5,52.265,51.5,52.19,1409275,PFG
2015-07-13,147.23,147.56,145.9,146.23,1723732,GD
2015-07-13,193.41,199.25,193.41,199.11,1905704,ALXN
2015-07-13,41.14,41.22,40.9,41.09,2463495,BBT
2015-07-20,70.0,71.11,69.86,70.8,9633007,ABBV
2015-07-20,205.54,206.01,203.35,204.46,857635,ALXN
2015-07-20,97.78,98.21,97.4,97.49,4947041,MCD
2015-07-20,79.3,79.62,78.67,79.19,1170493,RHT
2015-07-20,79.95,81.2,79.13,80.11,10284545,KHC
2015-07-27,69.25,70.8,69.25,70.4,1111070,ETR
2015-07-27,34.45,34.48,33.84,34.08,7563206,SCHW
2015-07-27,39.07,39.72,38.88,39.6,1999997,JEC
2015-07-27,186.38,188.06,186.03,186.55,303433,RE
2015-07-27,49.63,49.96,49.32,49.51,1824206,SEE
2015-08-03,48.75,49.66,48.11,48.36,4218650,DVN
2015-08-03,28.35,28.38,28.02,28.17,5259467,JNPR
2015-08-03,43.165,43.705,43.155,43.695,1278282,CHD
2015-08-03,54.43,54.68,54.1,54.66,4055023,MO
2015-08-03,48.28,48.83,48.1488,48.78,1575257,O
2015-08-10,122.5,123.34,121.94,122.48,2479950,UNH
2015-08-10,174.87,175.32,172.92,173.66,937510,AAP
2015-08-10,282.89,283.44,278.0,280.09,997348,EQIX
2015-08-10,1327.0,1334.0,1318.02,1323.75,549944,PCLN
2015-08-10,184.98,187.66,183.9125,184.82,1041732,CHTR
2015-08-17,74.75,76.23,74.44,76.17,649173,IQV
2015-08-17,22.98,23.48,22.96,23.41,3604735,MAT
2015-08-17,100.75,102.67,100.48,102.56,1125958,AON
2015-08-17,17.57,17.96,17.45,17.85,6796428,NEM
2015-08-17,97.65,98.37,97.22,98.25,1015862,CME
2015-08-24,18.56,19.07,18.25,18.49,7274449,CNP
2015-08-24,110.05,115.88,92.1685,112.54,13983094,HD
2015-08-24,108.03,115.0926,93.51,110.51,4999714,AET
2015-08-24,68.24,72.24,61.42,70.87,9844588,KHC
2015-08-24,53.15,54.32,50.9,52.67,5431315,MMC
2015-08-31,139.25,140.23,138.51,140.05,3005697,COST
2015-08-31,43.59,43.69,42.88,43.41,5855907,SO
2015-08-31,60.15,60.39,58.95,59.53,1100803,PNW
2015-08-31,34.87,35.04,34.33,34.5,7900573,KR
2015-08-31,92.94,93.33,92.64,92.93,5328039,PEP
2015-09-08,35.37,36.48,35.24,36.43,2414010,OKE
2015-09-08,82.36,83.69,82.28,83.64,590987,GPC
2015-09-08,45.03,45.6,44.5001,45.58,1866598,PAYX
2015-09-08,29.82,31.15,29.82,31.1,14208325,SCHW
2015-09-08,51.59,51.65,51.12,51.36,1107384,RHI
2015-09-14,67.5,68.65,66.72,68.47,3026191,WYNN
2015-09-14,80.9,81.45,80.34,81.1,817727,MKC
2015-09-14,72.35,72.89,72.01,72.77,4232153,CAT
2015-09-14,17.75,17.75,17.57,17.68,5438357,HST
2015-09-14,48.07,48.22,47.36,47.79,2537636,BF.B
2015-09-21,41.73,42.81,40.9,42.61,5129029,BWA
2015-09-21,127.4,128.39,125.37,126.33,1077324,EXPE
2015-09-21,665.51,669.0,658.0,666.98,1954667,GOOGL
2015-09-21,33.67,34.105,33.345,33.525,1958282,BLL
2015-09-21,67.43,68.1,67.15,67.73,2252590,HCN
2015-09-28,40.74,40.74,39.0,39.06,17219312,ABT
2015-09-28,67.55,67.82,66.37,66.46,5706839,TWX
2015-09-28,71.98,72.0,70.12,70.93,1965027,DVA
2015-09-28,50.5,50.66,49.74,49.8,885649,RHI
2015-09-28,113.86,115.44,113.24,114.08,1043038,FFIV
2015-10-05,75.61,76.34,74.89,76.08,632192,VAR
2015-10-05,51.57,53.3,51.5,52.76,3842713,ETN
2015-10-05,35.95,36.78,35.9,36.64,1167242,GRMN
2015-10-05,92.15,92.97,91.73,92.9,658199,VNO
2015-10-05,42.75,44.55,42.64,44.54,1853359,FLR
2015-10-12,42.51,42.7175,42.44,42.69,677951,AJG
2015-10-12,33.19,33.535,32.965,33.39,1118204,BLL
2015-10-12,87.77,87.77,87.14,87.61,860331,ITW
2015-10-12,137.51,138.95,137.27,138.46,428696,BDX
2015-10-12,22.87,23.0,22.43,22.49,6011889,MAT
2015-10-19,106.25,106.9,105.77,106.86,500982,EFX
2015-10-19,81.52,82.605,81.11,82.56,1173945,CCI
2015-10-19,95.01,95.7,95.01,95.25,491437,HSY
2015-10-19,214.71,217.14,214.71,216.67,287566,TDG
2015-10-19,55.9,57.01,55.84,56.75,6588376,UAL
2015-10-26,43.07,43.29,42.625,43.23,2113955,PLD
2015-10-26,121.3,121.8142,120.78,121.34,1439983,KMB
2015-10-26,183.66,185.438,181.04,182.0,822959,AVB
2015-10-26,36.98,37.11,36.686,36.83,1948411,A
2015-10-26,31.23,31.36,28.89,29.02,7567132,RRC
2015-11-02,123.66,125.205,122.46,123.8,2606780,AVGO
2015-11-02,66.56,66.9,65.57,65.75,7508161,BMY
2015-11-02,70.05,70.82,69.57,70.73,1411898,MSI
2015-11-02,29.0,30.1,28.9,29.66,2034944,COTY
2015-11-02,136.2,137.27,133.42,135.41,2661533,EXPE
2015-11-09,56.02,56.08,55.46,55.63,2333081,MMC
2015-11-09,24.59,24.77,24.33,24.7,4570781,MAT
2015-11-09,43.53,44.19,42.38,42.84,3715532,KORS
2015-11-09,10.16,10.23,9.81,9.9,6001500,AES
2015-11-09,64.93,65.56,64.55,65.35,728884,AVY
2015-11-16,105.24,107.6,104.9001,107.32,919778,SBAC
2015-11-16,58.08,58.54,57.78,58.48,2617636,ADI
2015-11-16,78.34,79.16,78.13,79.14,486551,VAR
2015-11-16,6.11,6.36,6.0,6.34,18473390,CHK
2015-11-16,59.74,60.81,59.56,60.01,6965093,ABBV
2015-11-23,52.79,53.77,52.47,53.28,5609929,COP
2015-11-23,226.5,227.68,225.465,226.03,939863,LMT
2015-11-23,103.75,103.97,102.25,102.85,1001812,ZBH
2015-11-23,76.69,77.42,76.31,77.22,5859599,SLB
2015-11-23,84.5,84.92,84.12,84.74,4033055,LLY
2015-11-30,29.91,30.12,29.68,29.95,5326912,FOX
2015-11-30,42.64,42.72,42.0,42.2,2170319,XRX
2015-11-30,37.58,37.71,37.25,37.32,1470201,XYL
2015-11-30,32.33,32.5,32.09,32.17,5049832,WY
2015-11-30,117.99,119.41,117.75,118.3,39180322,AAPL
2015-12-07,58.8,58.83,58.11,58.35,3934546,TXN
2015-12-07,95.8,96.49,95.49,96.34,5330373,CVS
2015-12-07,70.74,71.94,70.35,70.79,3654821,EA
2015-12-07,46.18,47.25,45.75,47.15,6285084,VIAB
2015-12-07,133.08,133.08,131.08,132.53,260359,HII
2015-12-14,46.42,47.9,46.32,46.76,4301812,KSS
2015-12-14,91.79,93.5,91.78,93.43,1370640,FISV
2015-12-14,54.56,54.96,54.08,54.54,4001355,AEP
2015-12-14,84.03,84.65,83.57,84.59,772182,MKC
2015-12-14,26.3,26.52,25.96,26.49,32744930,CSCO
2015-12-21,29.68,29.81,29.265,29.69,3958332,WY
2015-12-21,120.95,125.2,120.95,124.48,912549,LH
2015-12-21,129.32,130.13,128.18,129.95,1945896,APD
2015-12-21,50.48,50.86,50.035,50.39,1517439,WEC
2015-12-21,188.61,191.08,187.5763,189.45,472679,MHK
2015-12-28,47.7157,48.2745,47.348,48.2059,2746712,LEN
2015-12-28,67.4,67.88,66.8001,67.65,641618,HAS
2015-12-28,11.13,11.18,10.99,11.15,6511460,HBAN
2015-12-28,86.32,87.21,86.22,87.19,514033,MKC
2015-12-28,69.52,70.45,69.03,70.42,6616877,SLB
2016-01-04,19.41,19.66,19.3113,19.52,2592684,NI
2016-01-04,159.0,159.22,156.09,158.34,5083228,AMGN
2016-01-04,70.29,70.9,69.66,70.59,1782509,NTRS
2016-01-04,51.8,52.32,50.91,52.31,4341097,AKAM
2016-01-04,124.97,124.97,122.35,124.22,327337,HII
2016-01-11,58.6,59.02,57.34,57.92,3622128,TEL
2016-01-11,62.69,62.69,59.83,60.82,2028340,CNC
2016-01-11,128.92,129.23,127.04,128.36,4353493,BRK.B
2016-01-11,11.99,12.065,11.75,11.94,22337883,KEY
2016-01-11,91.09,91.4,89.92,90.5,7185566,UTX
2016-01-19,52.76,52.83,51.865,52.15,2668599,MMC
2016-01-19,60.05,60.21,57.28,58.01,1000025,ALLE
2016-01-19,32.2722,32.2722,31.555,31.9581,4565414,JCI
2016-01-19,87.03,87.67,86.03,87.2,2154112,TAP
2016-01-19,45.16,45.5,42.385,42.99,5707904,KMX
2016-01-25,32.06,32.17,30.180999999999997,30.35,10744503,TPR
2016-01-25,26.32,26.42,25.88,25.92,2167052,DISCK
2016-01-25,48.23,48.56,47.15,47.27,2505955,ETN
2016-01-25,56.18,56.47,55.32,55.36,10235231,AIG
2016-01-25,723.58,729.68,710.01,711.67,1711716,GOOG
2016-02-01,36.8,37.19,36.55,36.98,1082374,L
2016-02-01,67.54,67.78,65.83,66.56,6053990,OXY
2016-02-01,95.28,96.97,94.36,96.37,1325679,INTU
2016-02-01,162.71,168.36,162.69,167.58,1799348,HUM
2016-02-01,10.63,10.76,10.11,10.67,6163029,NRG
2016-02-08,50.01,50.06,48.895,49.73,1603562,PKG
2016-02-08,46.72,47.996,45.788000000000004,47.79600000000001,9608240,ICE
2016-02-08,30.09,31.9399,29.79,30.66,8696034,RRC
2016-02-08,54.89,54.97,52.91,54.29,2514689,CERN
2016-02-08,40.21,40.28,38.9,39.45,1630579,SEE
2016-02-16,255.14,259.5,253.03,255.76,1830114,ORLY
2016-02-16,26.17,26.62,25.53,26.58,2832143,UNM
2016-02-16,42.43,43.17,42.255,42.96,2268180,SNPS
2016-02-16,89.5,90.34,88.6,90.12,4482856,PM
2016-02-16,54.13,55.21,54.02,55.01,5203902,CTSH
2016-02-22,34.35,34.67,33.84,34.03,2126918,HRB
2016-02-22,82.07,82.67,81.71,82.13,6916454,PG
2016-02-22,75.66,77.15,75.23,75.96,1846389,NSC
2016-02-22,128.97,129.53,127.81,128.31,895276,CLX
2016-02-22,132.12,135.6,132.04,134.53,472279,HII
2016-02-29,38.4,38.53,37.78,37.81,1929565,PFG
2016-02-29,57.86,58.33,56.85,56.91,803392,RMD
2016-02-29,53.19,54.29,52.31,52.97,2478892,HP
2016-02-29,109.52,110.72,108.6,108.63,2661945,AET
2016-02-29,73.31,74.4,72.82,73.16,477711,IDXX
2016-03-07,29.59,31.1,29.59,30.37,9752217,MOS
2016-03-07,40.58,41.92,40.58,41.75,1154803,JEC
2016-03-07,17.29,17.51,17.28,17.33,5321945,BSX
2016-03-07,49.13,49.77,48.73,49.68,1703773,NCLH
2016-03-07,67.46,67.94,67.27,67.94,1110306,AVY
2016-03-14,52.59,53.2,52.56,52.87,6447500,AIG
2016-03-14,42.5,42.59,42.01,42.45,736049,AJG
2016-03-14,113.42,118.64,113.42,116.39,4030327,EXPE
2016-03-14,119.28,120.55,118.8,119.74,2149865,CB
2016-03-14,48.87,49.75,48.795,49.46,1518687,KSS
2016-03-21,28.27,28.5,27.94,27.97,5931643,FOXA
2016-03-21,71.0,71.315,70.77,71.26,360737,KLAC
2016-03-21,74.86,75.37,74.12,74.75,1512250,ED
2016-03-21,42.285,43.27,42.165,42.755,6269104,UAA
2016-03-21,72.56,72.85,71.82,72.3,13664464,MAR
2016-03-28,34.75,35.09,34.07,34.57,5697849,HOLX
2016-03-28,45.91,46.115,45.725,45.99,910534,CHD
2016-03-28,89.32,89.905,88.15,88.46,979186,VRSN
2016-03-28,37.09,37.4,36.7,37.12,1103115,BWA
2016-03-28,27.93,28.105,27.77,27.89,6229799,FOXA
2016-04-04,48.3,48.67,47.63,47.79,1209032,EXPD
2016-04-04,32.77,33.23,32.64,32.97,2667870,HCP
2016-04-04,79.25,79.35,78.21,78.73,2075281,HCA
2016-04-04,277.69,277.69,271.5,272.15,555258,ORLY
2016-04-04,16.14,16.14,15.96,16.05,2728942,PBCT
2016-04-11,171.05,171.9,167.315,167.46,1305281,HUM
2016-04-11,89.68,90.0633,89.06,89.11,642930,CTAS
2016-04-11,104.06,104.06,102.3,102.62,999663,INTU
2016-04-11,41.43,41.98,41.15,41.19,7177765,COP
2016-04-11,32.52,32.565,31.87,31.89,83240779,PFE
2016-04-18,16.08,16.14,15.82,15.86,8361423,HST
2016-04-18,33.37,33.72,33.3,33.72,3837861,PGR
2016-04-18,22.46,22.78,22.3,22.63,1332800,PWR
2016-04-18,81.18,81.47,80.86,81.25,4129156,WBA
2016-04-18,52.64,53.32,52.64,53.26,1460165,NLSN
2016-04-25,65.43,66.0,65.42,65.93,1153328,EA
2016-04-25,96.75,97.05,96.22,96.9,388019,GPC
2016-04-25,408.21,408.94,403.26,406.92,376461,REGN
2016-04-25,42.29,42.51,42.02,42.21,1100600,XYL
2016-04-25,70.2,70.8,69.76,70.8,1618573,AWK
2016-05-02,216.69,220.35,216.02,218.11,3113408,AGN
2016-05-02,59.56,59.76,58.24,58.98,3295128,HES
2016-05-02,30.32,30.43,30.0,30.36,6944862,FOXA
2016-05-02,15.53,15.595,15.42,15.55,3841195,PBCT
2016-05-02,35.4,35.575,35.075,35.41,3894417,BBT
2016-05-09,23.65,24.18,23.33,24.01,4809365,COG
2016-05-09,38.82,39.17,38.76,38.99,1070549,RHI
2016-05-09,104.0,104.805,103.58,104.52,661042,SPGI
2016-05-09,141.59,145.32,141.485,143.52,951438,ALXN
2016-05-09,159.79,160.37,158.75,159.44,380404,SNA
2016-05-16,66.61,67.2,65.27,66.31,2451191,ALK
2016-05-16,61.3,62.04,60.87,61.81,2984637,CTSH
2016-05-16,39.86,40.36,39.8,40.24,2916837,HRL
2016-05-16,45.78,46.33,45.65,45.77,989076,FLS
2016-05-16,155.34,156.9,154.6,155.38,3177707,GS
2016-05-23,160.85,161.99,159.98,161.1,287255,COO
2016-05-23,73.39,73.8908,72.41,73.24,3248251,EA
2016-05-23,113.05,113.49,112.01,112.93,661650,SWK
2016-05-23,24.21,24.7276,24.18,24.69,2992890,NTAP
2016-05-23,104.96,105.49,103.88,105.13,728295,AON
2016-05-31,31.41,31.695,31.2507,31.65,23842776,CMCSA
2016-05-31,27.69,27.97,27.52,27.85,3184489,DISCA
2016-05-31,220.06,220.98,216.1,218.94,3566156,CHTR
2016-05-31,29.23,29.39,29.005,29.24,2218222,FOX
2016-05-31,48.4,48.54,48.04,48.28,3231108,RSG
2016-06-06,55.21,55.54,54.91,55.2,1888986,CERN
2016-06-06,121.79,122.17,121.205,122.0,4901956,MCD
2016-06-06,32.04,32.17,31.405,31.58,3504841,MAS
2016-06-06,50.8799,51.7166,50.8299,51.4533,10640019,MNST
2016-06-06,178.41,178.725,177.0,177.64,446814,RE
2016-06-13,72.26,74.15,71.8,72.56,1686025,EMN
2016-06-13,38.3,38.375,37.41,37.45,4841317,UAA
2016-06-13,52.31,52.66,51.405,51.56,2483030,TSS
2016-06-13,43.22,43.49,41.91,42.16,6586737,LUV
2016-06-13,45.32,45.52,44.905,44.92,1272833,A
2016-06-20,81.6,82.23,81.58,81.68,693768,VAR
2016-06-20,184.5,186.84,183.84,184.12,752480,MLM
2016-06-20,291.21,293.0,289.31,289.56,541926,SHW
2016-06-20,77.07,77.47,76.82,76.86,1478273,K
2016-06-20,34.69,35.49,34.54,35.33,8017141,NEM
2016-06-27,18.22,18.25,17.71,18.01,6378225,PHM
2016-06-27,76.05,77.51,75.575,76.03,1909579,EQT
2016-06-27,83.42,83.73,81.04,81.15,1723381,COL
2016-06-27,57.28,57.42,54.3001,55.57,5786258,ETN
2016-06-27,91.72,93.78,91.42,93.51,4078974,DG
2016-07-05,112.13,112.79,109.45,110.18,1263097,CMI
2016-07-05,148.56,151.46,147.3681,151.46,2548583,PXD
2016-07-05,20.39,20.54,20.16,20.35,7191505,SYMC
2016-07-05,22.78,22.78,22.13,22.33,3712707,ETFC
2016-07-05,36.05,36.325,35.88,36.21,4415922,EXC
2016-07-11,23.82,23.89,23.66,23.81,3499228,CNP
2016-07-11,77.76,78.07,76.89,77.99,1714357,EIX
2016-07-11,15.0,15.1351,14.66,14.69,12502852,MRO
2016-07-11,145.47,145.56,143.51,144.86,1035764,APD
2016-07-11,16.9,17.18,16.81,16.99,7671995,HST
2016-07-18,116.36,117.24,115.43,115.82,589098,FFIV
2016-07-18,109.66,109.7,108.84,109.21,3688714,PEP
2016-07-18,91.28,91.72,90.9,91.61,895819,NSC
2016-07-18,84.0,84.33,83.39,83.41,749003,VRSN
2016-07-18,25.03,25.15,24.82,24.86,2083016,ETFC
2016-07-25,36.8,36.84,36.51,36.78,12175764,PFE
2016-07-25,26.5,26.58,26.2,26.36,2108267,NTAP
2016-07-25,98.92,99.95,98.29,99.76,591999,RL
2016-07-25,66.94,67.0,65.95,66.01,605603,SNI
2016-07-25,5.37,5.385,5.005,5.14,54782592,CHK
2016-08-01,13.42,13.43,12.84,12.92,20926711,MRO
2016-08-01,90.37,90.6025,90.0,90.07,492304,HSIC
2016-08-01,111.69,115.02,111.61,114.69,6629510,CELG
2016-08-01,37.2,37.7,37.08,37.46,6176351,EXC
2016-08-01,102.11,102.13,101.12,101.98,563283,GPC
2016-08-08,32.37,32.52,32.03,32.11,2633149,DHI
2016-08-08,36.28,36.32,35.98,36.11,5399371,EXC
2016-08-08,87.14,87.2,84.56,85.12,2283304,TSCO
2016-08-08,316.02,316.35,309.16,313.65,2136783,BIIB
2016-08-08,81.64,82.9883,81.57,82.5,6213903,SLB
2016-08-15,107.3,107.52,106.9,107.42,428965,CTAS
2016-08-15,34.2,34.48,34.04,34.35,1342572,CA
2016-08-15,54.38,54.71,53.8635,54.52,4942605,VLO
2016-08-15,79.54,79.7,78.19,78.21,720287,ETR
2016-08-15,76.27,76.89,75.94,75.97,768479,PKG
2016-08-22,793.66,795.43,790.185,790.67,159524,AZO
2016-08-22,38.75,38.93,38.29,38.52,1265426,RHI
2016-08-22,94.9,95.4099,94.64,95.12,445775,DTE
2016-08-22,96.99,98.105,96.31,98.0,4351836,CVS
2016-08-22,30.46,30.64,30.37,30.62,6240653,EBAY
2016-08-29,92.23,94.3,92.12,94.01,1720990,NSC
2016-08-29,80.21,80.24,79.7206,79.92,4582805,CRM
2016-08-29,49.59,50.58,49.59,50.21,1451085,KORS
2016-08-29,52.36,52.69,52.16,52.5,11960437,VZ
2016-08-29,35.74,36.14,35.71,35.98,1067462,LKQ
2016-09-06,46.9,47.11,46.72,46.95,1460928,A
2016-09-06,49.12,49.13,48.42,49.0,1178467,PFG
2016-09-06,774.04,789.48,770.22,788.87,3719788,AMZN
2016-09-06,28.13,28.27,28.015,28.12,4791136,CSX
2016-09-06,76.63,77.05,75.23,76.08,2999886,TSN
2016-09-12,74.07,75.45,73.98,75.24,913891,PNW
2016-09-12,116.52,118.33,115.6563,118.13,818814,MTB
2016-09-12,64.27,65.37,64.2101,65.17,1521363,EMN
2016-09-12,59.98,60.84,59.13,60.78,1371903,XRAY
2016-09-12,86.78,88.83,86.68,88.66,3714974,YUM
2016-09-19,107.16,107.715,106.95,107.12,2168893,UPS
2016-09-19,49.22,49.54,48.72,49.25,2638101,SYY
2016-09-19,171.55,173.58,169.4,170.73,2830627,AVGO
2016-09-19,46.54,47.86,46.37,47.39,1883263,OKE
2016-09-19,30.11,30.31,29.93,30.13,2689709,WY
2016-09-26,57.35,57.54,56.59,56.65,423860,RJF
2016-09-26,77.46,77.46,76.4075,76.6,3196345,DHR
2016-09-26,30.99,31.335,30.97,31.22,3006731,PGR
2016-09-26,50.75,50.91,50.64,50.79,955133,EXPD
2016-09-26,41.28,41.41,41.11,41.14,16647231,T
2016-10-03,15.5,15.66,15.39,15.58,7380903,HST
2016-10-03,75.98,76.39,75.17,75.25,1055833,MSI
2016-10-03,86.46,87.475,84.62,86.79,1371337,VRTX
2016-10-03,76.8,77.32,76.73,76.91,1059083,FIS
2016-10-03,92.47,92.72,92.05,92.49,5834717,DIS
2016-10-10,139.98,142.07,139.89,141.16,749785,XEC
2016-10-10,67.16,67.51,65.93,66.18,1355952,EMN
2016-10-10,36.45,36.7,36.235,36.26,2277075,VIAB
2016-10-10,29.0,29.31,28.81,28.86,33981885,GE
2016-10-10,198.52,199.8,197.5,197.9,232974,MHK
2016-10-17,38.66,39.73,38.37,38.58,5602040,AAL
2016-10-17,41.25,41.31,40.95,41.01,526410,L
2016-10-17,36.65,36.74,36.49,36.58,1404660,INFO
2016-10-17,80.83,81.46,79.36,79.68,822790,SIG
2016-10-17,74.91,76.02,74.31,75.7,2203747,URI
2016-10-24,95.54,95.84,94.2,95.14,3932867,CCI
2016-10-24,108.78,109.0,107.915,108.3,1221517,TAP
2016-10-24,83.39,84.25,83.2366,83.88,1581702,HAS
2016-10-24,109.43,110.12,108.81,109.26,3455660,HON
2016-10-24,36.09,36.52,35.8,36.08,2855849,HCP
2016-10-31,64.13,64.27,63.83,63.97,677218,NDAQ
2016-10-31,29.48,29.65,29.09,29.1,43563696,GE
2016-10-31,35.71,36.14,35.49,35.84,2210792,BWA
2016-10-31,28.73,29.165,28.71,29.08,10929238,AMAT
2016-10-31,49.68,49.89,47.86,48.02,7580586,NWL
2016-11-07,124.58,124.96,123.99,124.5,1893205,CB
2016-11-07,86.02,86.57,85.6,86.56,8878455,PG
2016-11-07,38.66,38.89,37.9,38.21,4752183,NFX
2016-11-07,16.48,16.77,16.43,16.73,3623346,PBCT
2016-11-07,41.8,41.99,41.625,41.83,1151819,L
2016-11-14,50.85,50.995,48.9,48.96,3681828,ZTS
2016-11-14,42.0,43.195,41.96,42.85,9672141,BBT
2016-11-14,82.51,82.67,81.55,82.44,1752645,DPS
2016-11-14,59.73,60.31,59.56,59.94,881601,PNR
2016-11-14,65.76,67.52,65.49,67.41,1659831,EQT
2016-11-21,142.8,142.8,139.01,139.74,1232414,APD
2016-11-21,31.51,31.69,31.49,31.57,21872759,PFE
2016-11-21,112.68,113.47,112.3752,112.92,1357697,AON
2016-11-21,55.25,55.86,54.93,55.09,1518997,O
2016-11-21,169.13,172.76,169.13,172.58,2138363,AVGO
2016-11-28,45.02,45.034,44.63,44.86,1070676,CHD
2016-11-28,36.04,36.07,35.335,35.53,2583023,NOV
2016-11-28,84.8,85.03,84.02,84.09,3389337,PSX
2016-11-28,80.82,81.07,80.55,80.86,768969,MSI
2016-11-28,110.95,111.57,110.38,110.5,6406714,CVX
2016-12-05,75.6,76.73,75.45,76.71,1677947,DRI
2016-12-05,88.42,88.76,87.04,88.2,3475008,DLTR
2016-12-05,75.22,75.87,74.8,75.13,1985530,EMN
2016-12-05,13.93,14.03,13.84,14.02,25628884,RF
2016-12-05,42.62,43.005,41.515,41.91,7201829,M
2016-12-12,138.61,141.93,138.61,139.44,710227,WAT
2016-12-12,38.42,38.74,38.125,38.62,2264663,CAG
2016-12-12,22.84,23.44,22.78,23.44,4803592,HRB
2016-12-12,178.25,179.81,177.57,179.64,2295986,MMM
2016-12-12,104.61,104.7,103.73,104.06,7879703,DIS
2016-12-19,31.84,32.22,31.64,31.8,1583432,CBG
2016-12-19,40.09,40.62,39.93,40.08,2254593,HOLX
2016-12-19,59.34,59.575,57.92,59.23,1950414,HOG
2016-12-19,35.2,35.385,34.29,34.49,3749212,VIAB
2016-12-19,91.93,92.78,91.0,92.71,3856324,CAT
2016-12-27,36.39,36.56,36.17,36.46,1936175,CFG
2016-12-27,165.51,165.82,164.78,164.95,2133794,BRK.B
2016-12-27,146.62,147.5575,146.62,147.38,1029608,APD
2016-12-27,23.68,23.95,23.62,23.76,1385786,IPG
2016-12-27,32.57,32.72,32.48,32.53,11220427,PFE
2017-01-03,43.05,43.16,42.2307,42.76,5362741,BBY
2017-01-03,47.7,49.46,47.58,49.4,2681085,CERN
2017-01-03,98.74,98.83,97.82,98.21,1210306,DTE
2017-01-03,97.83,99.36,95.89,96.77,1065780,JBHT
2017-01-03,84.03,86.5,83.52,86.5,1622010,PRGO
2017-01-09,61.13,61.93,60.66,61.3,2538216,LB
2017-01-09,45.42,45.6,45.01,45.05,2270033,JWN
2017-01-09,32.18,32.2,31.83,32.0,568618,CSRA
2017-01-09,53.37,53.95,53.35,53.69,2413767,CCL
2017-01-09,359.21,360.39,349.24,355.06,1885574,REGN
2017-01-17,201.73,202.67,200.74,201.81,457560,MHK
2017-01-17,151.29,156.75,151.29,153.73,3708594,STZ
2017-01-17,30.65,30.84,30.46,30.6,2118169,WY
2017-01-17,67.36,67.68,66.89,66.99,909566,NDAQ
2017-01-17,101.07,102.32,101.06,102.19,3745757,PEP
2017-01-23,109.49,109.91,108.52,108.66,873627,FISV
2017-01-23,35.39,35.995,35.03,35.88,5879543,NEM
2017-01-23,24.92,25.79,24.84,25.62,10241842,GGP
2017-01-23,45.11,45.54,45.08,45.45,787493,BF.B
2017-01-23,113.01,114.11,112.21,112.77,2520176,LRCX
2017-01-30,77.46,79.02,77.32,78.68,7488549,CVS
2017-01-30,53.96,53.96,52.75,53.76,1331534,WRK
2017-01-30,60.19,60.19,58.4,59.38,894793,JEC
2017-01-30,22.1,22.11,21.65,21.84,2565836,NI
2017-01-30,54.39,54.4,53.55,53.61,14853856,QCOM
2017-02-06,139.15,140.1,138.01,139.82,1579381,MCK
2017-02-06,303.49,304.66,301.75,301.97,585555,SHW
2017-02-06,65.81,66.46,65.66,66.34,1734936,ROST
2017-02-06,108.67,108.75,107.88,108.31,1199435,MON
2017-02-06,106.58,106.62,105.69,106.59,3445069,MA
2017-02-13,50.15,50.4,49.93,49.95,535454,AOS
2017-02-13,82.96,83.075,82.165,82.555,974808,HSIC
2017-02-13,87.94,90.23,87.92,90.22,2225252,CCI
2017-02-13,35.54,35.73,35.36,35.73,2262020,PPL
2017-02-13,76.85,78.32,76.2301,78.19,986757,SRCL
2017-02-21,21.02,21.25,20.845,20.98,5630290,HBI
2017-02-21,82.16,83.53,82.16,82.98,1719491,VRSN
2017-02-21,71.6,71.86,71.265,71.37,973268,NDAQ
2017-02-21,54.44,54.93,53.8,53.84,7496888,HAL
2017-02-21,110.48,112.535,110.48,112.39,1011149,FISV
2017-02-27,82.95,83.18,82.38,82.54,572676,VRSN
2017-02-27,92.6,92.87,90.33,90.61,6085677,KHC
2017-02-27,44.65,45.24,44.51,45.11,2298903,ZION
2017-02-27,50.16,50.405,50.02,50.35,1263206,FAST
2017-02-27,47.23,47.64,46.965,47.36,6208296,COP
2017-03-06,88.06,88.3,87.44,87.71,1033887,NTRS
2017-03-06,43.65,43.8,43.51,43.62,2126467,XEL
2017-03-06,45.5,45.6361,45.055,45.11,2697230,PEG
2017-03-06,33.94,34.02,33.47,33.72,3228835,WY
2017-03-06,42.56,42.77,42.31,42.38,1728496,BEN
2017-03-13,71.23,71.755,71.01,71.68,495821,RMD
2017-03-13,166.09,166.53,165.085,165.48,988841,MTB
2017-03-13,149.24,151.63,145.29,151.03,4159556,INCY
2017-03-13,169.99,170.93,169.55,170.21,3130164,UNH
2017-03-13,127.12,127.35,126.49,126.73,3118116,HON
2017-03-20,27.54,28.18,27.4,27.87,3787313,ARNC
2017-03-20,159.18,159.38,157.82,158.24,833700,PH
2017-03-20,116.82,116.96,114.59,115.05,1370174,VMC
2017-03-20,27.76,27.8199,27.42,27.45,2932954,CNP
2017-03-20,83.15,83.18,82.2,82.37,1169169,CAH
2017-03-27,22.17,22.625,22.16,22.61,3052606,HRB
2017-03-27,76.06,76.54,75.2,75.58,2614312,DRI
2017-03-27,44.51,44.93,44.36,44.84,8933400,ORCL
2017-03-27,251.8097,256.3731,251.0664,255.7731,1176528,ISRG
2017-03-27,76.93,77.38,76.34,77.02,993673,CHRW
2017-04-03,41.32,41.37,40.53,40.62,3915735,TPR
2017-04-03,54.53,55.16,53.87,54.21,16315772,BMY
2017-04-03,44.68,45.05,44.4,44.61,16044276,ORCL
2017-04-03,41.7,42.315,41.255,42.03,4297991,DVN
2017-04-03,133.12,133.41,131.41,132.4,702613,SWK
2017-04-10,59.36,59.975,58.98,59.28,12096712,C
2017-04-10,52.9,53.26,52.68,52.72,1025248,A
2017-04-10,107.57,108.39,107.45,107.62,2631713,UNP
2017-04-10,36.04,36.32,35.865,36.11,1338332,BLL
2017-04-10,119.98,120.77,119.77,120.03,457851,ZBH
2017-04-17,45.6,45.86,45.2,45.8,3119175,FAST
2017-04-17,234.51,236.09,234.26,236.09,310039,ESS
2017-04-17,146.01,147.07,145.28,147.0,1098036,CMI
2017-04-17,24.0,24.08,23.64,23.89,5247719,GPS
2017-04-17,39.53,39.58,38.32,38.91,4336320,KSS
2017-04-24,39.93,39.98,39.48,39.71,1653564,PGR
2017-04-24,39.49,39.53,38.82,39.3,4953929,TPR
2017-04-24,12.92,13.04,12.86,12.99,11841276,HBAN
2017-04-24,27.38,27.64,27.28,27.52,9714207,GLW
2017-04-24,35.9,36.03,35.69,35.91,1576217,GT
2017-05-01,45.74,45.94,44.875,45.15,1891320,CMS
2017-05-01,156.22,156.27,154.21,154.21,3152949,HD
2017-05-01,20.61,20.67,20.48,20.54,8000881,KMI
2017-05-01,37.43,37.45,36.61,36.72,1273754,KORS
2017-05-01,22.51,22.51,21.98,21.99,6162342,MAT
2017-05-08,79.77,80.065,79.13,79.3,1141567,VRSK
2017-05-08,114.56,115.65,113.81,115.06,1544391,VRTX
2017-05-08,100.19,100.22,98.95,99.41,427172,MAA
2017-05-08,30.21,30.24,29.88,30.13,4007454,HCP
2017-05-08,29.57,29.74,29.46,29.64,392221,CSRA
2017-05-15,107.16,108.42,107.155,107.98,730610,PPG
2017-05-15,124.19,125.93,124.06,125.76,1080815,AON
2017-05-15,71.3,71.84,71.28,71.65,2489600,CL
2017-05-15,49.5686,50.2353,49.5098,50.0294,1552584,LEN
2017-05-15,70.52,71.13,70.32,70.84,1686446,CMA
2017-05-22,60.39,60.88,60.28,60.31,3117309,ZTS
2017-05-22,71.07,72.32,71.01,72.25,1573609,SNPS
2017-05-22,64.26,64.29,63.56,63.84,2742453,VLO
2017-05-22,137.19,137.76,136.29,137.3,515555,EFX
2017-05-22,60.81,61.72,60.81,61.58,1533499,WEC
2017-05-30,28.31,28.445,28.2,28.39,1333505,CNP
2017-05-30,107.95,108.77,107.75,107.89,614975,DGX
2017-05-30,58.8,59.82,58.7,59.28,5326205,BBY
2017-05-30,42.54,42.7,42.25,42.44,1657857,JWN
2017-05-30,62.55,62.71,62.11,62.52,672312,PFG
2017-06-05,32.51,32.58,32.2,32.35,14226613,PFE
2017-06-05,80.25,80.33,79.41,79.44,3426625,LOW
2017-06-05,187.35,187.88,186.01,186.69,928616,ANTM
2017-06-05,79.69,80.33,79.51,79.88,1370862,TEL
2017-06-05,19.15,19.2,18.88,19.01,2412598,COTY
2017-06-12,124.42,125.94,124.36,125.59,2344092,CME
2017-06-12,62.34,62.67,61.67,61.76,1200762,AME
2017-06-12,133.51,133.97,132.8,133.18,775650,ECL
2017-06-12,110.0,110.84,109.69,110.14,2196587,PPG
2017-06-12,54.93,56.01,54.46,55.8,1793482,EXPD
2017-06-19,22.78,22.95,22.69,22.86,3445813,MOS
2017-06-19,233.12,233.7258,226.76,230.38,1316377,ORLY
2017-06-19,589.59,597.41,589.59,594.78,195763,MTD
2017-06-19,71.16,71.16,70.435,70.75,561387,SCG
2017-06-19,131.0,133.02,130.48,132.12,1132179,AMP
2017-06-26,79.89,80.84,79.62,80.59,2149098,COF
2017-06-26,16.05,16.43,15.99,16.29,1930354,NAVI
2017-06-26,66.12,66.35,65.9,65.9,790661,FBHS
2017-06-26,35.38,35.93,35.38,35.66,1227289,KORS
2017-06-26,63.28,63.79,62.41,62.76,3241529,TSN
2017-07-03,96.07,96.28,95.71,95.81,777971,EL
2017-07-03,25.44,25.53,25.23,25.32,976025,NI
2017-07-03,128.54,131.49,128.055,130.14,539430,AMP
2017-07-03,45.12,45.43,45.01,45.07,1038236,BEN
2017-07-03,54.63,55.21,54.38,54.55,496186,NCLH
2017-07-10,76.03,77.5,76.03,77.05,1885065,TROW
2017-07-10,38.25,38.39,37.83,37.83,1169968,UDR
2017-07-10,56.9,57.38,56.48,57.16,1348222,EXPD
2017-07-10,105.01,105.31,104.71,104.93,417833,AIZ
2017-07-10,26.13,26.19,25.85,26.04,46755231,GE
2017-07-17,117.66,117.774,116.46,116.86,863670,ALB
2017-07-17,72.41,72.87,72.14,72.59,3296961,CL
2017-07-17,59.45,59.83,59.06,59.73,1252871,WRK
2017-07-17,51.74,51.74,51.39,51.54,1189242,MNST
2017-07-17,104.63,105.04,103.91,105.01,208121,AIZ
2017-07-24,32.0,32.01,31.5,31.67,17415458,MU
2017-07-24,164.64,166.17,164.31,166.0,17366971,FB
2017-07-24,80.06,80.22,79.76,79.87,9402997,XOM
2017-07-24,126.51,126.93,125.95,126.48,767560,FISV
2017-07-24,270.74,273.5487,269.28,271.12,452507,RE
2017-07-31,120.77,121.28,120.01,121.25,467158,ARE
2017-07-31,62.9,63.365,62.6,62.64,3184863,ESRX
2017-07-31,82.09,82.3,80.33,80.39,1371655,TEL
2017-07-31,113.16,113.16,105.04,106.53,3960716,COL
2017-07-31,89.26,89.36,88.67,88.98,874110,TAP
2017-08-07,114.48,114.99,114.3,114.71,2269385,CAT
2017-08-07,156.78,157.79,156.3309,156.99,1283443,AET
2017-08-07,170.45,170.58,167.22,167.39,648632,GWW
2017-08-07,108.02,108.38,107.04,107.25,734346,UHS
2017-08-07,146.59,146.76,146.1,146.73,674943,SYK
2017-08-14,53.3,53.9,53.1,53.64,2080915,IP
2017-08-14,129.42,131.42,128.96,130.9,2249645,PNC
2017-08-14,19.19,19.28,18.96,19.03,8107125,KMI
2017-08-14,48.86,49.17,48.5,48.81,2996459,AAL
2017-08-14,86.75,87.29,86.5,87.02,2474200,KHC
2017-08-21,72.23,72.78,72.13,72.67,1808453,AEP
2017-08-21,19.87,19.96,19.6844,19.86,2588956,MOS
2017-08-21,69.92,70.825,69.91,70.7,4666390,ABBV
2017-08-21,45.4,45.4,44.53,44.68,8501908,MS
2017-08-21,327.3497,328.333,324.8046,327.5663,1155864,ISRG
2017-08-28,80.78,81.5,80.21,80.38,2474987,DLTR
2017-08-28,14.46,14.51,14.26,14.29,15370356,RF
2017-08-28,17.01,17.15,16.89,16.93,3802610,UAA
2017-08-28,76.13,76.26,75.69,76.21,1262842,YUM
2017-08-28,73.75,74.11,73.59,74.1,1768144,AEP
2017-09-05,24.46,24.675,24.06,24.36,4743760,NBL
2017-09-05,198.39,200.41,198.31,200.07,896570,BDX
2017-09-05,46.57,46.57,46.075,46.37,3242846,PEG
2017-09-05,91.02,91.105,89.0243,89.51,17031549,JPM
2017-09-05,82.69,83.12,81.365,81.52,2310011,AFL
2017-09-11,82.92,82.93,81.87,82.03,796285,VRSK
2017-09-11,85.45,86.155,85.22,86.05,1109795,ED
2017-09-11,40.55,41.16,40.415,40.94,2671595,BLL
2017-09-11,46.5,47.18,46.31,46.99,1367712,BWA
2017-09-11,142.78,144.03,142.1,143.14,318012,IFF
2017-09-18,80.19,80.54,79.69,80.25,3766229,COF
2017-09-18,35.13,35.8,35.02,35.43,41330122,MU
2017-09-18,58.67,58.68,57.26,57.35,3367913,BBY
2017-09-18,23.96,24.55,23.93,24.46,52504484,GE
2017-09-18,39.53,39.595,39.095,39.17,1921924,XL
2017-09-25,32.02,32.04,31.46,31.81,768014,CSRA
2017-09-25,54.98,55.22,54.7,54.95,10242655,SBUX
2017-09-25,41.68,42.31,41.58,42.25,974972,LNT
2017-09-25,38.22,38.31,37.54,37.78,7420267,EBAY
2017-09-25,48.1,48.31,47.53,47.74,7205180,MS
2017-10-02,80.17,80.51,79.79,80.33,380830,TMK
2017-10-02,35.96,36.91,35.92,36.86,1908649,BHGE
2017-10-02,128.58,130.75,128.382,130.65,1174992,ECL
2017-10-02,84.0,84.52,83.65,84.52,1476949,MMC
2017-10-02,78.06,78.23,77.5,78.05,4312895,MDT
2017-10-09,27.26,27.38,26.95,27.15,2766147,PHM
2017-10-09,41.55,42.18,41.26,42.04,1491705,TRIP
2017-10-09,76.86,76.995,76.25,76.36,302906,CINF
2017-10-09,66.2,66.55,65.9,66.23,5517941,PYPL
2017-10-09,93.45,93.76,93.035,93.32,1238669,PSX
2017-10-16,38.03,38.54,37.82,38.18,6493299,MYL
2017-10-16,44.66,44.77,44.18,44.25,753999,AIV
2017-10-16,13.73,13.92,13.73,13.92,8487684,HBAN
2017-10-16,208.64,211.06,208.1,210.45,1218330,STZ
2017-10-16,88.0,88.39,87.68,88.27,492724,TEL
2017-10-23,38.54,38.56,38.35,38.55,985480,UDR
2017-10-23,164.04,166.265,163.75,164.74,3995110,HD
2017-10-23,182.5,183.88,180.8911,182.5,1524855,WHR
2017-10-23,206.22,208.41,204.05,205.89,2842628,LRCX
2017-10-23,92.28,92.6,91.44,91.49,789622,DXC
2017-10-30,55.71,55.93,54.84,55.27,10169401,NKE
2017-10-30,57.01,57.57,56.7,57.27,4254354,PCG
2017-10-30,67.81,67.835,66.44,66.52,1003633,PFG
2017-10-30,54.15,54.62,53.8797,54.04,1973740,OKE
2017-10-30,73.21,73.91,73.18,73.78,10556913,C
2017-11-06,46.6,46.74,46.09,46.7,34034971,INTC
2017-11-06,29.02,29.24,28.8,29.08,1621409,XRX
2017-11-06,102.92,103.14,101.58,102.42,7046838,CRM
2017-11-06,24.47,24.86,24.42,24.74,6048552,JNPR
2017-11-06,36.13,36.8,36.12,36.37,4346810,NEM
2017-11-13,91.83,92.89,91.51,92.85,1561595,FIS
2017-11-13,162.53,163.56,161.36,162.76,1935143,APD
2017-11-13,63.95,64.4299,63.78,64.06,827120,SRCL
2017-11-13,39.78,40.15,39.76,39.94,1540661,UDR
2017-11-13,311.0,313.28,310.31,312.95,702812,LMT
2017-11-20,33.21,33.42,33.07,33.4,3317822,HRL
2017-11-20,29.59,29.985,29.31,29.93,6312315,GPS
2017-11-20,59.32,59.32,58.44,58.45,1313645,WRK
2017-11-20,50.92,51.05,50.56,50.59,2176511,XEL
2017-11-20,26.8,26.865,26.54,26.8,3212549,HCP
2017-11-27,10.74,10.76,10.61,10.74,5929365,AES
2017-11-27,213.43,216.11,212.73,214.93,957767,PSA
2017-11-27,28.41,28.45,28.18,28.23,1944647,XRX
2017-11-27,67.24,67.25,66.72,66.87,1211690,PLD
2017-11-27,55.55,56.03,55.47,55.61,1232845,NCLH
2017-12-04,94.44,96.24,94.16,94.89,3425688,COF
2017-12-04,31.21,31.83,31.17,31.36,7291799,FITB
2017-12-04,78.31,78.61,76.4,76.41,2329218,ETN
2017-12-04,68.94,69.17,66.18,66.24,2899424,A
2017-12-04,66.48,66.78,65.72,65.75,1644801,XRAY
2017-12-11,53.32,53.735,52.74,53.71,4697082,PCG
2017-12-11,29.59,29.89,29.42,29.59,2589938,XRX
2017-12-11,71.69,73.23,71.65,72.98,3807996,EIX
2017-12-11,125.38,126.05,124.46,125.45,902894,RCL
2017-12-11,1035.5,1043.8,1032.05,1041.1,1192838,GOOG
2017-12-18,15.1,15.47,14.98,15.43,13875717,MRO
2017-12-18,16.985,17.46,16.82,17.35,25429218,FCX
2017-12-18,101.86,103.1,100.65,102.71,844821,AAP
2017-12-18,89.68,89.81,88.05,88.29,1599074,AFL
2017-12-18,107.06,109.5,106.45,109.1,2483573,DLTR
2017-12-26,68.24,68.92,68.06,68.85,1625795,PAYX
2017-12-26,25.7,26.05,25.63,25.95,2547343,HCP
2017-12-26,75.45,75.72,74.415,74.78,10882080,C
2017-12-26,95.56,96.12,95.16,95.4,502717,INCY
2017-12-26,133.66,133.91,133.11,133.3,510698,AON
2018-01-02,34.61,34.88,34.15,34.77,2588888,TRIP
2018-01-02,55.81,55.92,55.38,55.91,673826,RHI
2018-01-02,25.81,26.33,25.65,26.31,12512857,M
2018-01-02,222.62,226.54,221.09,225.0,994837,MLM
2018-01-02,111.68,112.28,110.68,111.58,1760475,EW
2018-01-08,156.0,156.1397,154.23,154.74,2739854,HON
2018-01-08,135.19,135.79,132.2,132.82,6624792,UTX
2018-01-08,111.79,111.7956,109.25,110.15,1543797,UHS
2018-01-08,181.13,182.38,180.26,182.12,1435286,CMI
2018-01-08,82.58,82.97,81.97,81.99,1430251,MMC
2018-01-16,42.59,42.59,41.75,41.82,19018134,CMCSA
2018-01-16,171.83,172.43,170.85,171.0,497002,LH
2018-01-16,52.85,52.98,51.95,52.19,1463011,L
2018-01-16,107.68,108.042,106.07,106.61,789456,NTRS
2018-01-16,176.96,179.8,176.6025,178.66,2653869,AGN
2018-01-22,50.19,50.43,49.88,50.04,3403716,PEG
2018-01-22,247.13,247.89,245.08,247.3,1660506,MMM
2018-01-22,80.41,81.25,79.89,81.12,5121558,ESRX
2018-01-22,118.26,118.66,116.36,116.78,1672586,PPG
2018-01-22,208.4,209.84,207.2,209.19,2823113,LRCX
2018-01-29,1188.0,1198.0,1184.06,1186.48,1574708,GOOGL
2018-01-29,127.33,128.44,126.25,126.79,1259876,ALXN
2018-01-29,69.46,69.98,68.97,69.04,2448380,NUE
2018-01-29,55.79,56.28,55.25,55.26,1314520,UNM
2018-01-29,53.58,54.58,53.4,54.13,17052645,VZ
2018-02-05,134.61,135.7099,128.25,128.25,891712,IT
2018-02-05,120.9,123.24,118.11,118.4,1452143,EFX
2018-02-05,13.46,13.79,12.92,12.92,7209851,UAA
2018-02-05,118.5,120.72,114.601,114.74,1051909,BXP
2018-02-05,85.06,87.33,82.77,83.09,1956357,FMC
